tests/datasets/fixtures/small_uk.asc
NCOLS 100
NROWS 100
XLLCORNER 6975.0
YLLCORNER 1247225.0
CELLSIZE 7000.0
NODATA_VALUE -9999
[rows 62 to 92 of 100, columns 0 to 68 of 100]
-9999 -9999 -9999 -9999 -9999 -9999 -9999 -9999 -9999 -9999 -9999 -9999 -9999 -9999 -9999 -9999 -9999 -9999 -9999 -9999 -9999 -9999 -9999 -9999 -9999 -9999 -9999 -9999 -9999 -9999 -934.6453 -98.16438 150.70984 -471.63684 -986.6058 -1000.0 -9999 -9999 -9999 -9999 -9999 -9999 -1000.0 -1000.0 -1000.0 -542.7231 -201.32451 -898.9138 -914.2252 -193.65529 749.35645 1123.3739 1770.707 2610.9844 3069.697 4318.345 3432.4053 4159.777 3517.66 2689.6824 1662.5255 642.4236 317.9907 202.17285 306.5234 581.39374 575.8415 565.0436 570.1447
-9999 -9999 -9999 -9999 -9999 -9999 -9999 -9999 -9999 -9999 -9999 -9999 -9999 -9999 -9999 -9999 -9999 -9999 -9999 -9999 -9999 -9999 -9999 -9999 -9999 -9999 -9999 -9999 -9999 -9999 -9999 -9999 -9999 -9999 -9999 -9999 -9999 -9999 -9999 -9999 -9999 -9999 -9999 -9999 -1000.0 -982.245 -992.3 -1000.0 -767.70386 146.54782 1762.5273 3379.5293 3161.1985 2493.2498 1730.1223 1945.8086 1878.6866 2589.2454 2789.0789 2327.4597 1697.4689 981.3155 464.36902 298.1378 145.31169 143.9138 186.44508 224.32874 998.23126
-9999 -9999 -9999 -9999 -9999 -9999 -9999 -9999 -9999 -9999 -9999 -9999 -9999 -9999 -9999 -9999 -9999 -9999 -9999 -9999 -9999 -9999 -9999 -9999 -9999 -9999 -9999 -9999 -9999 -9999 -9999 -9999 -9999 -9999 -9999 -9999 -9999 -9999 -9999 -9999 -9999 -9999 -9999 -9999 -9999 -9999 -1000.0 -386.42096 46.880116 118.648254 1145.2367 2203.3618 1634.9149 1492.8872 2252.4053 1929.0375 2708.002 2090.593 2106.6245 1489.0936 1344.5667 1000.7544 779.57166 387.02444 155.39891 61.920856 95.93843 90.989174 152.78246
-9999 -9999 -9999 -9999 -9999 -9999 -9999 -9999 -9999 -9999 -9999 -9999 -9999 -9999 -9999 -9999 -9999 -9999 -9999 -9999 -9999 -9999 -9999 -9999 -9999 -9999 -9999 -9999 -9999 -9999 -9999 -9999 -9999 -9999 -9999 -9999 -9999 -9999 -9999 -9999 -9999 -9999 -9999 -9999 -9999 -9999 -1000.0 -338.16043 21.467113 110.27797 331.54102 663.80334 1191.4047 1481.9025 2130.5906 2891.1287 3472.6545 3065.8665 2438.0051 1604.3391 1230.3925 717.6738 547.79425 478.65295 120.49229 63.059513 37.2354 23.269543 53.575
-9999 -9999 -9999 -9999 -9999 -9999 -9999 -9999 -9999 -9999 -9999 -9999 -9999 -9999 -9999 -9999 -9999 -9999 -9999 -9999 -9999 -9999 -9999 -9999 -9999 -9999 -9999 -9999 -9999 -9999 -9999 -9999 -9999 -9999 -9999 -9999 -9999 -9999 -9999 -9999 -9999 -9999 -9999 -9999 -9999 -9999 -1000.0 -571.54614 -6.7323713 87.948654 442.69424 1358.6782 2661.979 2582.441 2495.923 2783.1968 2896.7756 2928.568 1890.3344 1182.3665 1183.849 726.8309 497.61176 466.99475 291.16058 84.55274 42.264572 34.37346 18.0388
-9999 -9999 -9999 -9999 -9999 -9999 -9999 -9999 -9999 -9999 -9999 -9999 -9999 -9999 -9999 -9999 -9999 -9999 -9999 -9999 -9999 -9999 -9999 -9999 -9999 -9999 -9999 -9999 -9999 -9999 -9999 -9999 -9999 -9999 -9999 -9999 -9999 -9999 -9999 -9999 -9999 -9999 -9999 -9999 -9999 -1000.0 -863.87115 49.803345 291.06412 481.85605 814.4904 706.3946 1064.7509 923.3905 862.5928 1196.6643 2240.9255 3718.9543 3691.8313 2863.3462 2168.73 1274.5098 753.35535 484.57986 475.87137 88.118546 71.215225 50.629116 80.28014
-9999 -9999 -9999 -9999 -9999 -9999 -9999 -9999 -9999 -9999 -9999 -9999 -9999 -9999 -9999 -9999 -9999 -9999 -9999 -9999 -9999 -9999 -9999 -9999 -9999 -9999 -9999 -9999 -9999 -9999 -9999 -9999 -798.9224 110.749954 282.0474 -157.50449 -1000.0 -9999 -1000.0 -1000.0 -1000.0 -1000.0 -1000.0 -1000.0 -1000.0 -921.0817 -622.37714 -168.76517 329.148 446.5471 414.74304 237.2546 194.77768 222.13611 319.3081 646.8726 1378.7634 2635.9158 4695.6016 4070.6995 3334.8525 1995.9329 917.9991 607.0143 939.0529 311.15176 146.2542 130.2306 70.35483
-9999 -9999 -9999 -9999 -9999 -9999 -9999 -9999 -9999 -9999 -9999 -9999 -9999 -9999 -9999 -9999 -9999 -9999 -9999 -9999 -9999 -9999 -9999 -9999 -9999 -9999 -9999 -9999 -9999 -9999 -9999 -461.34796 -418.80847 332.79367 634.0837 570.814 100.05682 -512.72986 -681.2188 -243.95166 -89.5382 -435.195 -490.2969 -34.495373 743.1925 -341.80148 -172.45055 275.7496 -246.72049 -134.793 272.64233 427.82526 485.47864 467.2543 666.5421 983.4111 2136.4868 2870.0552 3743.9968 2999.37 2977.5352 2419.4626 1439.6113 816.61755 1056.4402 484.4714 294.83084 320.10242 129.78134
-9999 -9999 -9999 -9999 -9999 -9999 -9999 -9999 -9999 -9999 -9999 -9999 -9999 -9999 -9999 -9999 -9999 -9999 -9999 -9999 -9999 -9999 -9999 -9999 -9999 -9999 -9999 -9999 -9999 -9999 -9999 -9999 -936.33057 -174.94316 114.02209 222.09383 818.41376 1993.9858 5146.8057 1882.7333 2268.3223 2146.3452 2083.1008 881.84454 1532.5516 2195.6833 742.15314 274.47107 203.29666 229.13243 802.1674 538.25287 345.65097 497.24142 799.31433 1389.4904 2799.253 4074.406 3331.203 2954.2942 1863.1855 2645.6924 1360.4705 1161.2621 1177.3354 716.6528 526.0267 528.2654 124.28209
-9999 -9999 -9999 -9999 -9999 -9999 -9999 -9999 -9999 -9999 -9999 -9999 -9999 -9999 -9999 -9999 -9999 -9999 -9999 -9999 -9999 -9999 -9999 -9999 -9999 -9999 -9999 -9999 -9999 -9999 -9999 -9999 -9999 -9999 -604.1712 1248.8353 2964.7896 4698.1016 4004.295 2433.4988 2629.0227 3647.5466 3874.2915 3049.5542 1355.7408 2941.5066 2494.6658 880.6463 186.51198 391.11023 848.2209 599.3972 463.09586 644.1741 1157.2345 1964.6061 2001.563 3041.969 2757.8132 2777.9312 2619.0798 1962.3011 1424.7958 1277.6237 1412.3876 1073.7451 738.773 405.71863 152.68018
-9999 -9999 -9999 -9999 -9999 -9999 -9999 -9999 -9999 -9999 -9999 -9999 -9999 -9999 -9999 -9999 -9999 -9999 -9999 -9999 -9999 -9999 -9999 -9999 -9999 -9999 -9999 -9999 -9999 -9999 -1000.0 -981.19525 -669.3543 354.92792 1352.7312 1557.2091 1922.9948 1590.9111 3133.8767 4142.8716 4008.1152 3644.987 3245.5696 2500.3193 3350.359 3192.6423 2614.5627 925.27405 427.92307 707.7901 962.1827 806.16394 762.5936 1118.239 1494.5647 1387.1423 2095.0508 1895.426 1911.0942 1571.3728 1517.3503 1211.2778 999.86633 861.0101 779.03937 707.6725 418.28848 298.28784 242.86995
-9999 -9999 -9999 -9999 -9999 -9999 -9999 -9999 -9999 -9999 -9999 -9999 -9999 -9999 -9999 -9999 -9999 -9999 -9999 -9999 -9999 -9999 -9999 -9999 -9999 -9999 -9999 -9999 -9999 -9999 -805.15106 278.44513 442.7326 -375.78 -779.8173 -990.7399 -557.9942 2254.501 2935.6519 3796.741 4010.9634 3222.5996 4176.757 4339.249 4216.595 3066.6519 2476.5107 1000.4108 934.92676 905.10406 913.44086 920.4656 919.9255 1302.4587 1177.6582 1098.5339 1388.134 1291.976 1124.5674 962.6935 681.49445 670.79694 524.27844 523.0061 408.10742 491.6058 671.1238 521.7916 977.40674
-9999 -9999 -9999 -9999 -9999 -9999 -9999 -9999 -9999 -9999 -9999 -9999 -9999 -9999 -9999 -9999 -9999 -9999 -9999 -9999 -9999 -9999 -9999 -9999 -9999 -9999 -9999 -9999 -9999 -9999 -885.8997 -999.6719 -862.1127 -987.8755 -1000.0 -1000.0 -872.6357 1648.9675 2606.7214 2792.8967 3924.2014 4144.875 3845.5178 3043.6653 2315.5105 1522.2986 960.06525 862.5639 829.8607 825.25726 782.7737 633.9067 651.29376 881.9162 1042.8784 980.496 1123.1556 1252.3324 878.67847 797.5352 684.8466 1060.8549 1196.8405 1157.1549 848.41266 668.6937 953.0163 1082.8285 1119.0342
-9999 -9999 -9999 -9999 -9999 -9999 -9999 -9999 -9999 -9999 -9999 -9999 -9999 -9999 -9999 -9999 -9999 -9999 -9999 -9999 -9999 -9999 -9999 -9999 -9999 -9999 -9999 -9999 -9999 -9999 -9999 -9999 -9999 -9999 -9999 -1000.0 -655.6263 1810.3447 2876.68 1978.0808 1840.5018 3118.6248 3204.63 2618.9014 1944.6718 1726.784 1588.7461 1851.4185 1624.9144 1125.2655 843.03864 1022.10474 1414.6416 1004.8261 1077.459 1113.4589 1354.5499 1539.902 1145.1353 820.059 751.8872 879.3275 1028.0679 1379.3169 1131.7933 685.9092 1028.448 1525.2787 1582.5123
-9999 -9999 -9999 -9999 -9999 -9999 -9999 -9999 -9999 -9999 -9999 -9999 -9999 -9999 -9999 -9999 -9999 -9999 -9999 -9999 -9999 -9999 -9999 -9999 -9999 -9999 -9999 -9999 -9999 -9999 -9999 -9999 -9999 -9999 -9999 -1000.0 -987.32074 216.91743 1838.7078 3281.8271 3929.7856 3432.7378 2585.1782 2365.5142 2048.222 1992.9628 2044.5881 2615.754 3152.895 2313.0767 1923.6368 1924.0404 1402.6409 727.15356 932.19446 1162.2596 1520.6442 1391.1882 1268.1779 955.6778 942.16455 1232.8711 929.70404 1065.5673 913.39484 1017.8685 1217.614 1111.0634 1043.8069
-9999 -9999 -9999 -9999 -9999 -9999 -9999 -9999 -9999 -9999 -9999 -9999 -9999 -9999 -9999 -9999 -9999 -9999 -9999 -9999 -9999 -9999 -9999 -9999 -9999 -9999 -9999 -9999 -9999 -9999 -9999 -9999 -9999 -9999 -9999 -1000.0 -688.203 874.9438 2300.457 3853.609 4590.843 3494.4377 2908.997 4044.8801 3897.3208 3773.0093 3172.3787 2568.8413 1910.2477 1501.3486 1619.5048 2834.6406 1524.3163 932.7074 951.20123 906.7602 1684.7062 1708.8038 1366.8538 1129.6969 1137.7665 1138.448 881.302 1017.5421 1143.9153 1244.3358 1489.3983 1289.7118 1280.9072
-9999 -9999 -9999 -9999 -9999 -9999 -9999 -9999 -9999 -9999 -9999 -9999 -9999 -9999 -9999 -9999 -9999 -9999 -9999 -9999 -9999 -9999 -9999 -9999 -9999 -9999 -9999 -9999 -9999 -9999 -9999 -9999 -9999 -9999 -999.71796 -451.6312 1196.2677 2186.9492 2058.2078 3523.6 4604.601 4076.549 3032.492 3048.3826 2805.7097 3829.2876 2910.1824 2412.4922 1634.995 1593.4049 1049.2949 1183.8458 1276.6769 1240.3019 510.1943 576.2125 941.59564 1266.2771 1200.3756 1067.31 1038.3153 699.2563 764.5252 923.5761 1041.8221 1315.5094 1330.0153 1003.8645 1094.6908
-9999 -9999 -9999 -9999 -9999 -9999 -9999 -9999 -9999 -9999 -9999 -9999 -9999 -9999 -9999 -9999 -9999 -9999 -9999 -9999 -9999 -9999 -9999 -9999 -9999 -9999 -9999 -9999 -9999 -9999 -973.7848 -578.6415 -503.51276 755.599 1457.8972 1773.456 1893.4762 1888.4381 3288.928 4234.8286 4478.201 3949.6204 2700.9446 2162.9136 3028.9424 3878.9907 2467.554 1714.3755 1113.0493 996.79285 1170.8295 1754.8116 1388.3513 745.2013 358.51846 450.24152 441.24564 746.57635 582.6367 634.4602 633.9653 750.3826 1024.9268 1162.5138 1514.2457 1442.0524 1140.6626 944.5586 927.5148
-9999 -9999 -9999 -9999 -9999 -9999 -9999 -9999 -9999 -9999 -9999 -9999 -9999 -9999 -9999 -9999 -9999 -9999 -9999 -9999 -9999 -9999 -9999 -9999 -1000.0 -1000.0 -975.10114 -564.4851 -750.0028 -260.79074 937.42896 938.6399 1158.8116 1402.8136 1745.3376 1918.957 2262.054 2346.4568 2972.698 2511.5571 3189.3167 2977.1885 3526.7246 3179.8877 2578.3308 2306.3176 2130.685 1487.5487 1074.3915 925.9096 640.79376 931.40607 958.3433 1352.1006 349.14737 261.32657 612.52673 480.43686 581.3105 1032.2217 859.46985 1064.3274 1553.099 1223.6798 1326.317 1417.2327 1281.8799 1055.0502 852.99713
-9999 -9999 -9999 -9999 -9999 -9999 -9999 -9999 -9999 -9999 -9999 -9999 -9999 -9999 -9999 -9999 -9999 -9999 -9999 -9999 -9999 -9999 -9999 -9999 -791.23413 -216.38617 388.14844 934.85864 1567.7294 2333.999 1980.0889 1896.2201 1793.7684 2110.167 1796.3048 2335.9856 1959.8096 1585.0767 1348.68 1662.4727 2965.363 3050.0652 2841.6135 2420.1758 1970.6638 3612.6736 4892.537 2381.396 1185.0803 1254.7968 971.4229 936.04 656.7163 589.60913 260.26028 191.99765 584.6761 1153.4382 2198.5688 1942.1227 1298.3322 1657.753 1656.5608 1205.1637 1116.6125 1141.505 1027.3164 929.0666 1133.1167
-9999 -9999 -9999 -9999 -9999 -9999 -9999 -9999 -9999 -9999 -9999 -9999 -9999 -9999 -9999 -9999 -9999 -9999 -9999 -9999 -9999 -9999 -9999 -9999 -880.3828 -868.5656 -19.406914 635.11743 581.61707 672.20074 879.5557 1007.24225 719.6864 875.67566 699.2388 944.55304 1091.0576 1021.05023 2469.8667 3434.8145 4246.277 4044.5256 4486.801 4729.6606 3356.7004 3129.585 2614.2979 1802.843 1325.5625 1055.3784 954.4434 1196.5244 1275.8005 231.55197 207.57297 637.33984 1622.2993 2188.4834 2095.939 1620.9326 1501.395 1450.3461 1298.6653 1014.0217 790.3802 684.92017 838.74805 927.086 966.07306
-9999 -9999 -9999 -9999 -9999 -9999 -9999 -9999 -9999 -9999 -9999 -9999 -9999 -9999 -9999 -9999 -9999 -9999 -9999 -9999 -9999 -9999 -9999 -9999 -914.8447 -595.39996 -111.58054 256.24905 157.62749 492.35974 405.3914 -94.87977 -331.8654 -536.92474 441.49127 1034.654 1022.46277 1227.3986 1910.0952 1727.9869 2384.457 3027.4514 3075.007 3020.3525 3600.1375 3449.7598 3672.3613 1000.3406 637.1619 1055.2816 1553.5669 1183.5361 303.52744 37.96234 849.9429 1793.973 1937.4282 1621.352 1335.5869 1221.5288 1063.1525 863.63855 783.6564 792.28723 733.95966 830.51447 748.31934 818.61237 1062.6072
-9999 -9999 -9999 -9999 -9999 -9999 -9999 -9999 -9999 -9999 -9999 -9999 -9999 -9999 -9999 -9999 -9999 -9999 -9999 -9999 -9999 -9999 -9999 -9999 -9999 -1000.0 -978.00195 -381.07898 -460.8702 -719.3301 -914.75055 -1000.0 -1000.0 -1000.0 -470.22137 -67.10903 394.02692 355.28293 3.4785483 833.2128 2505.405 3252.2156 2983.3672 2288.0972 2095.4312 1837.1757 2025.0487 553.1387 787.4682 1080.3607 351.8119 -210.3484 354.05457 879.81366 1694.183 1306.6578 1117.6741 974.61 867.9299 916.42206 891.3208 888.70044 764.6541 715.6381 616.7695 565.68225 1014.4112 1656.9225 1518.7947
-9999 -9999 -9999 -9999 -9999 -9999 -9999 -9999 -9999 -9999 -9999 -9999 -9999 -9999 -9999 -9999 -9999 -9999 -9999 -9999 -9999 -9999 -9999 -9999 -9999 -1000.0 -1000.0 -1000.0 -1000.0 -1000.0 -1000.0 -1000.0 -1000.0 -1000.0 -851.9621 -572.1011 -932.5143 -962.8353 -1000.0 -744.352 544.1193 732.5703 987.44995 887.48926 839.01917 652.5853 -93.49537 -585.2482 -606.0351 -685.11774 -220.12624 514.1651 669.2352 1287.0001 1326.8018 1032.3085 701.0909 982.87103 1309.3394 1400.06 1633.0088 1817.5886 1655.4973 1636.7401 1267.69 919.6935 1156.3295 934.82196 609.12634
-9999 -9999 -9999 -9999 -9999 -9999 -9999 -9999 -9999 -9999 -9999 -9999 -9999 -9999 -9999 -9999 -9999 -9999 -9999 -9999 -9999 -9999 -9999 -9999 -9999 -9999 -9999 -9999 -9999 -9999 -9999 -9999 -9999 -9999 -9999 -9999 -9999 -9999 -9999 -1000.0 -994.1178 -369.34503 -0.005914286 133.88637 17.994343 -490.9333 -1000.0 -799.9367 -284.84412 506.61026 1059.815 600.24744 637.72406 1285.449 1121.4647 731.4143 805.2405 1343.8254 1846.9899 1827.5173 1673.827 1438.9238 1320.7062 1089.5681 995.9435 829.3642 665.2834 504.05676 551.1384
-9999 -9999 -9999 -9999 -9999 -9999 -9999 -9999 -9999 -9999 -9999 -9999 -9999 -9999 -9999 -9999 -9999 -9999 -9999 -9999 -9999 -9999 -9999 -9999 -9999 -9999 -9999 -9999 -9999 -9999 -9999 -9999 -9999 -9999 -9999 -9999 -1000.0 -1000.0 -996.7124 -842.07043 -1000.0 -1000.0 -1000.0 -1000.0 -1000.0 -1000.0 -985.30505 -34.709656 287.08804 1127.5703 1798.2655 1386.1069 1265.1572 1138.7072 678.81775 675.19244 909.0131 1259.0206 1340.4703 1384.5897 1592.5044 1778.0609 1734.2142 1477.0028 1331.687 1102.6646 769.994 733.6518 770.3429
-9999 -9999 -9999 -9999 -9999 -9999 -9999 -9999 -9999 -9999 -9999 -9999 -9999 -9999 -9999 -9999 -9999 -9999 -9999 -9999 -9999 -9999 -9999 -9999 -9999 -9999 -9999 -9999 -9999 -9999 -836.14044 -9999 -9999 -9999 -843.8618 661.4975 1283.0596 1770.3837 2986.9548 3516.078 3106.253 1990.0922 975.72595 -128.51569 138.58092 204.24957 -256.2416 20.269686 148.76294 131.71228 633.1503 1481.7963 1730.8792 1220.6263 1383.8105 1469.9807 1386.6667 1260.154 1102.9261 1039.0626 1184.8768 901.4037 802.4224 809.14667 1078.5629 1364.9576 1595.5026 1366.0756 1060.964
-9999 -9999 -9999 -9999 -9999 -9999 -9999 -9999 -9999 -9999 -9999 -9999 -9999 -9999 -9999 -9999 -9999 -9999 -9999 -9999 -9999 -9999 -9999 -9999 -9999 -9999 -9999 -9999 -9999 -9999 -9999 -688.3126 -96.66314 -979.7932 -505.747 255.83069 584.22925 1311.8567 1920.157 2668.9836 2914.0825 2613.9954 2841.7415 2614.1106 1242.245 1229.4224 735.24207 90.31751 196.2538 263.91644 323.81937 462.97385 1022.63776 1298.2595 1257.3932 1565.3674 1415.9626 1230.5277 957.265 788.9355 993.8781 660.38654 801.07385 921.7025 871.38995 993.10095 1544.3151 1551.5809 905.6685
-9999 -9999 -9999 -9999 -9999 -9999 -9999 -9999 -9999 -9999 -9999 -9999 -9999 -9999 -9999 -9999 -9999 -9999 -9999 -9999 -9999 -9999 -9999 -9999 -9999 -9999 -9999 -9999 -9999 -9999 -1000.0 92.230515 1747.9414 1500.7947 1288.6334 997.0207 1281.5059 1230.4264 1294.2064 1721.3676 2129.4858 2003.9215 1565.9176 1489.3572 1200.3428 1320.4532 1261.0543 495.01892 359.93835 329.6761 468.25336 662.358 1087.1085 704.73083 711.8075 1496.6864 1402.5276 1161.8392 853.8345 625.4304 783.6572 392.79144 268.78638 330.46777 487.53662 831.17255 1120.5553 1149.6056 970.6458
-9999 -9999 -9999 -9999 -9999 -9999 -9999 -9999 -9999 -9999 -9999 -9999 -9999 -9999 -9999 -9999 -9999 -9999 -9999 -9999 -9999 -9999 -9999 -9999 -9999 -9999 -9999 -9999 -9999 -9999 -1000.0 -66.99389 1221.7642 1445.4951 1370.3025 1166.7916 964.6876 1368.6973 1302.7496 1354.0236 1287.108 1296.0382 1079.2642 770.5516 1778.0823 1898.0925 1628.2397 1155.2006 1352.2738 1054.1313 1298.7804 1232.7249 1338.4675 1195.4292 1366.8213 792.58405 611.35925 466.73773 350.17273 383.18277 639.55426 313.55814 161.68268 -74.77974 -168.46263 111.34063 92.57108 -83.482315 151.16142
-9999 -9999 -9999 -9999 -9999 -9999 -9999 -9999 -9999 -9999 -9999 -9999 -9999 -9999 -9999 -9999 -9999 -9999 -9999 -9999 -9999 -9999 -9999 -9999 -9999 -9999 -9999 -1000.0 -1000.0 -610.9051 903.78577 1441.4731 1232.4521 1141.2595 1516.089 1810.7509 2722.2954 2969.5613 1997.5793 1621.9122 1182.7709 615.30597 298.00833 788.6663 1028.1769 1379.0308 434.16748 564.09686 102.337456 243.9724 1145.1951 1439.2812 1109.2562 793.0109 629.29395 413.85202 160.22868 55.01263 -82.53406 -240.8192 -181.34343 -195.08345 -318.63522 -302.21353 -145.59657 -347.66708 -792.4972 -922.7213 -729.8031
