tests/datasets/fixtures/small_uk.asc
NCOLS 100
NROWS 100
XLLCORNER 6975.0
YLLCORNER 1247225.0
CELLSIZE 7000.0
NODATA_VALUE -9999
[rows 31 to 61 of 100, columns 0 to 68 of 100]
-9999 -9999 -9999 -9999 -9999 -9999 -9999 -9999 -978.55896 -949.4929 -935.51215 -276.30966 -351.13596 -848.3775 -1000.0 -1000.0 -105.02187 -132.43126 736.47424 37.91517 2195.36 1422.4153 -892.0717 -833.3171 934.66516 875.45074 2134.5332 4046.389 3586.9326 3345.9663 3970.9858 3334.38 3390.0005 3364.8838 2080.2898 1231.8645 650.9473 1019.3136 552.68115 -318.18167 -251.0653 12.573286 570.7642 747.58057 1433.6134 1393.469 1426.6433 905.66455 1646.322 1732.2155 1608.5681 1301.8895 992.4464 994.7779 1440.855 1262.87 851.9385 449.2205 -349.50888 -1000.0 -9999 -9999 -9999 -9999 -9999 -9999 -9999 -9999 -9999
-9999 -9999 -9999 -9999 -9999 -9999 -9999 -9999 -9999 -1000.0 -720.8357 -147.70595 -791.67426 -1000.0 -9999 -1000.0 41.463856 1185.3738 248.39226 1394.9509 1458.2917 462.95612 285.73364 -999.28625 1299.3258 3684.4873 1925.342 2272.977 3326.7737 4962.592 4718.7827 4873.82 5050.1353 4349.6997 2780.3328 1620.0464 1127.4579 684.2256 806.2013 2161.1243 3068.083 2366.788 2314.4949 2929.786 3506.9011 2496.9036 2116.2183 2475.5376 2517.7397 2218.6147 1400.136 1433.3721 1381.8605 964.3119 1100.6154 1072.7472 923.88153 663.6118 328.74884 -981.74286 -9999 -9999 -9999 -9999 -9999 -9999 -9999 -9999 -9999
-9999 -9999 -9999 -9999 -9999 -9999 -9999 -9999 -9999 -1000.0 -377.90366 1031.9901 -702.2419 -9999 -9999 -1000.0 -1000.0 -805.4354 -470.45358 1365.8964 2269.054 1531.3463 438.77603 -601.6183 -594.5155 -93.22463 1134.4592 2572.3928 3902.439 4893.3394 6352.5054 5590.3257 4013.6543 3070.9458 3173.1997 2549.0044 1980.6846 2383.8071 3456.1873 4106.606 4328.8564 4142.9526 3319.7087 2984.4153 3339.1526 3133.3555 4397.607 4379.9644 3742.7651 3246.9722 2267.1567 2251.1787 1482.7106 1225.3507 1140.446 646.1183 513.82355 184.95311 -732.4251 -1000.0 -9999 -9999 -9999 -9999 -9999 -9999 -9999 -9999 -9999
-9999 -9999 -9999 -9999 -9999 -9999 -9999 -9999 -9999 -1000.0 -461.30307 134.05531 -992.54517 -9999 -9999 -9999 -9999 -9999 -1000.0 27.112038 1699.979 1255.8019 815.70746 754.0065 1251.4777 1383.7684 2761.8652 3027.085 4527.768 6042.811 6012.628 4275.121 3754.5322 3966.097 3320.2822 2179.5793 3666.986 6008.6113 6146.9775 5493.5645 4824.4062 3083.774 2767.7854 3433.3132 4678.5728 4189.0186 5199.179 5046.196 4238.8604 2926.361 2934.6284 2005.0685 1975.5167 1037.8479 1012.5256 982.5412 369.14618 -869.2922 -1000.0 -1000.0 -9999 -9999 -9999 -9999 -9999 -9999 -9999 -9999 -9999
-9999 -9999 -9999 -9999 -9999 -9999 -9999 -9999 -997.3566 -335.8382 -743.88934 -850.3199 -1000.0 -9999 -9999 -9999 -1000.0 -734.844 -709.6197 14.363977 -789.6134 -927.87683 128.01176 395.80515 -105.499084 2178.843 2706.4587 3964.66 4459.7236 4411.062 3428.3416 2835.6199 3172.803 2412.506 4165.641 6062.6987 6717.0654 7477.9487 6785.165 4902.4897 3589.01 4435.8657 6622.0874 7437.249 7435.2305 5974.3833 5345.2915 4681.247 4085.2395 2718.7258 2534.745 2424.0425 2161.9534 1231.077 1059.5632 938.2166 -219.9067 -1000.0 -9999 -9999 -9999 -9999 -9999 -9999 -9999 -9999 -9999 -9999 -9999
-9999 -9999 -9999 -9999 -9999 -9999 -9999 -1000.0 -866.9794 -463.3247 -981.6476 -1000.0 -9999 -9999 -9999 -9999 -997.5645 -1000.0 -602.26184 1766.2551 -451.07803 -333.2626 -955.3997 -720.50665 1226.8167 1373.2478 3213.8271 4386.4736 3798.628 2994.5283 3109.0945 3961.6257 3521.3145 5109.433 5965.1924 5543.8433 4336.383 4386.5195 4021.4512 4315.704 5205.5825 7907.4683 7765.2656 6237.195 6131.2974 5196.1875 4617.578 3884.9753 4294.356 3532.9148 2893.3252 1927.8307 1464.2274 1474.4136 1441.0709 737.38403 -751.1017 -1000.0 -9999 -9999 -9999 -9999 -9999 -9999 -9999 -9999 -9999 -9999 -9999
-9999 -9999 -9999 -9999 -9999 -9999 -9999 -755.6078 -865.42426 -1000.0 -1000.0 -9999 -9999 -9999 -9999 -9999 -9999 -9999 -9999 -956.6231 -403.7376 -524.1655 -994.66754 -448.13898 1423.7206 3109.7297 3431.9578 3140.9304 2464.2256 2723.3796 2151.9573 1933.4822 3537.3418 4183.224 4911.3423 5778.4644 5088.5977 5760.81 6767.443 6667.4023 7257.65 7150.346 6006.7227 7202.1777 6639.5947 7623.5103 7130.1387 6573.5303 5985.786 4306.302 3859.574 3769.9805 2641.2642 1707.7653 1285.5278 -353.7004 -1000.0 -9999 -9999 -9999 -9999 -9999 -9999 -9999 -9999 -9999 -9999 -9999 -9999
-9999 -9999 -9999 -9999 -9999 -9999 -9999 -9999 -9999 -9999 -9999 -9999 -9999 -9999 -9999 -1000.0 -1000.0 -819.9397 -782.9666 -9999 -347.66232 550.4776 942.063 889.0824 979.87836 2507.6047 3283.0903 3284.723 2493.2566 1803.1108 4321.789 6405.036 5499.816 5444.6104 5898.983 6127.943 5933.708 5625.55 4689.2295 3750.319 3913.5374 4138.8857 5948.5576 5126.552 5009.696 5204.197 5325.994 3987.977 4600.558 3942.4856 2527.2505 866.02374 590.8619 1002.62726 -79.42703 -983.39087 -9999 -9999 -9999 -9999 -9999 -9999 -9999 -9999 -9999 -9999 -9999 -9999 -9999
-9999 -9999 -9999 -9999 -9999 -9999 -9999 -9999 -9999 -9999 -9999 -9999 -1000.0 -1000.0 -1000.0 -932.3215 -660.6722 -413.71298 -973.34204 -501.1434 106.796715 205.84622 684.8435 1476.824 2252.2874 2391.0447 2470.1404 577.9714 1178.0541 3040.4792 4027.073 4326.3354 4169.7407 3748.385 3591.5073 3803.9211 3874.9036 4598.331 5284.1084 3747.8823 3950.747 2741.6492 2638.7805 3880.1797 2970.4512 3282.7744 2597.5254 2482.0996 1426.2738 1030.5963 939.88293 645.86865 338.18362 -777.26843 -1000.0 -9999 -9999 -9999 -9999 -9999 -9999 -9999 -9999 -9999 -9999 -9999 -9999 -9999 -9999
-9999 -9999 -9999 -9999 -9999 -9999 -9999 -9999 -9999 -9999 -9999 -9999 -1000.0 -491.41827 -572.25256 -864.8981 -1000.0 -995.0129 -988.401 -6.581143 896.94604 1251.2684 491.75183 1254.0453 770.6367 980.1653 -476.42087 262.0988 2904.8708 2955.5144 4005.9814 4892.1187 3486.595 4944.8438 5582.0073 5989.703 5518.8545 5931.7627 3955.5618 3721.3699 3921.3472 3933.4482 2798.4314 2022.933 1323.4243 994.9338 841.23645 1348.7656 1681.0928 1420.9517 1342.9496 484.19067 -268.09128 -1000.0 -9999 -9999 -9999 -9999 -9999 -9999 -9999 -9999 -9999 -9999 -9999 -9999 -9999 -9999 -9999
-9999 -9999 -9999 -9999 -9999 -9999 -9999 -9999 -9999 -9999 -9999 -1000.0 -998.7108 -9999 -9999 -9999 -9999 -998.6763 -896.96326 -978.51886 621.69995 1706.4716 2644.2437 2608.7852 502.9057 -801.9024 -87.24737 925.1444 1567.0269 3000.9697 3020.866 3200.6814 4469.979 4270.0073 5135.438 4265.208 3734.1643 3778.8635 4876.621 5546.5312 5098.331 3568.7334 2625.162 1032.5717 582.1545 1370.8986 1282.6755 423.57004 387.0307 206.25348 -367.5818 -858.2739 -1000.0 -9999 -9999 -9999 -9999 -9999 -9999 -9999 -9999 -9999 -9999 -9999 -9999 -9999 -9999 -9999 -9999
-9999 -9999 -9999 -9999 -9999 -9999 -9999 -9999 -9999 -9999 -9999 -1000.0 -1000.0 -9999 -9999 -9999 -9999 -986.57275 -610.7926 -279.33588 362.5661 674.8717 -59.1792 -78.52474 -800.2721 105.55426 1511.1129 2463.5305 1947.1508 2308.4133 2729.2468 4432.939 4655.5474 3541.2383 5176.6235 4628.238 3631.8687 4334.712 3606.3606 2219.0093 1508.9056 823.6568 652.0532 873.3317 900.2867 803.78625 481.91864 613.3043 693.6288 345.35895 -518.3125 -831.63806 -1000.0 -9999 -9999 -9999 -9999 -9999 -9999 -9999 -9999 -9999 -9999 -9999 -9999 -9999 -9999 -9999 -9999
-9999 -9999 -9999 -9999 -9999 -9999 -9999 -9999 -9999 -9999 -9999 -9999 -9999 -9999 -9999 -9999 -9999 -1000.0 -1000.0 -1000.0 -840.33435 -9999 -1000.0 -947.4844 -359.35565 -319.2017 1593.8612 2226.192 2755.2578 1326.7659 2151.8008 3416.081 3767.3835 2724.1414 2652.3918 2647.522 2509.2368 1690.8826 2092.0037 2061.1204 2269.6907 3248.5974 3323.7957 2656.8118 1687.451 1755.1133 1167.5813 853.1518 854.62964 1060.1981 509.84845 -406.3635 -999.6864 -9999 -9999 -9999 -9999 -9999 -9999 -9999 -9999 -9999 -9999 -9999 -9999 -9999 -9999 -9999 -9999
-9999 -9999 -9999 -9999 -9999 -9999 -9999 -9999 -9999 -9999 -9999 -9999 -9999 -9999 -9999 -9999 -9999 -9999 -1000.0 -394.83215 -762.62286 -869.9875 856.6448 729.03436 -514.1524 240.9018 923.6059 1248.7809 1224.3203 2594.7888 3146.0107 1553.7502 2719.323 1917.6514 1773.2252 1308.0072 633.6879 1199.0089 1774.1868 760.65485 678.6962 845.69684 895.6913 1612.9116 1608.3905 1244.769 747.8467 -248.96219 -938.9608 -979.92194 -999.0981 -999.7354 -1000.0 -9999 -9999 -9999 -9999 -9999 -9999 -9999 -9999 -9999 -9999 -9999 -9999 -9999 -9999 -9999 -9999
-9999 -9999 -9999 -9999 -9999 -9999 -9999 -9999 -9999 -9999 -9999 -9999 -9999 -9999 -9999 -9999 -9999 -9999 -990.1985 -365.19693 -296.4722 850.36505 919.2572 -742.59827 21.29963 1826.7863 568.33545 263.22195 1958.8387 2302.163 2316.3599 97.371086 83.983315 577.2496 996.3346 1756.3849 2042.4481 2603.214 2377.9768 1563.8481 790.1137 439.16415 110.96131 78.25303 150.77751 -238.50214 -652.3708 -987.01166 -889.62384 -308.45358 240.12376 -82.08994 -237.5781 -805.51 -1000.0 -9999 -9999 -9999 -9999 -9999 -9999 -9999 -9999 -9999 -9999 -9999 -9999 -9999 -9999
-9999 -9999 -9999 -9999 -9999 -9999 -9999 -9999 -9999 -9999 -9999 -9999 -9999 -9999 -9999 -9999 -999.245 -161.48817 12.564571 1090.3168 379.96097 1695.7968 -710.4931 -999.94025 34.848316 2166.6833 1170.1285 -61.015915 162.92432 418.00638 318.67752 575.2956 2901.7861 1274.8118 328.93494 323.32498 344.08423 539.29596 736.75024 1368.8724 2061.5464 1882.5138 1701.3425 1479.5107 1316.8256 1548.3184 1341.9172 566.8534 1090.6096 1203.0358 1489.2798 2564.015 2688.1802 1795.1833 876.9426 489.9663 -841.0039 -1000.0 -9999 -9999 -9999 -9999 -9999 -9999 -9999 -9999 -9999 -9999 -9999
-9999 -9999 -9999 -9999 -9999 -9999 -9999 -9999 -9999 -9999 -9999 -9999 -9999 -9999 -9999 -9999 -592.29736 -9.549229 -554.00366 1105.418 1497.5769 -985.6019 -1000.0 -922.2191 -568.24457 985.26935 746.6347 -295.60782 -847.3171 -326.5331 -682.2536 670.6806 2699.9075 1089.1503 1452.1383 1571.8372 1129.386 1334.1282 1061.1747 921.39606 1849.0768 2582.2527 2592.0881 2992.412 3610.3083 3095.3809 2572.0186 2724.0413 2862.346 3124.1846 3455.464 3732.5303 2693.402 2134.871 1161.9365 760.07587 511.7047 -815.6364 -1000.0 -1000.0 -9999 -9999 -9999 -9999 -9999 -9999 -9999 -9999 -9999
-9999 -9999 -9999 -9999 -9999 -9999 -9999 -9999 -9999 -9999 -9999 -9999 -9999 -9999 -9999 -9999 -9999 -9999 -108.27857 -222.33643 -661.96375 -995.9954 -1000.0 -840.74554 1467.5575 1529.4386 -346.92136 2890.094 2329.7998 -999.5317 -1000.0 -429.78735 225.24132 497.15463 918.33923 1672.1862 2427.977 2551.7856 2353.5269 2051.902 1831.7559 2176.4458 2241.644 2611.163 2962.6787 2953.6953 3032.428 4093.7747 3972.9248 2798.8223 2230.404 1951.8859 1702.6626 1151.4231 562.89557 455.2768 750.31384 378.62817 -636.8402 -888.3431 -996.04486 -1000.0 -9999 -9999 -9999 -9999 -9999 -9999 -9999
-9999 -9999 -9999 -9999 -9999 -9999 -9999 -9999 -9999 -9999 -9999 -9999 -9999 -9999 -9999 -9999 -9999 -9999 -9999 -9999 -9999 -9999 -1000.0 -431.90216 2103.0308 516.14526 -958.6601 1537.201 2367.6455 -485.12656 -9999 -1000.0 -998.0429 -55.092915 723.6666 1041.527 2109.5142 2596.1575 3257.3643 3407.4553 2570.8188 2985.404 3144.968 3716.1372 3306.728 4538.346 4571.9907 3206.9043 3051.828 2114.0398 1869.4015 1276.1917 988.3734 950.5406 1415.5917 1880.6338 1264.5884 923.7261 1156.4352 278.3401 -673.91 -1000.0 -9999 -9999 -9999 -9999 -9999 -9999 -9999
-9999 -9999 -9999 -9999 -9999 -9999 -9999 -9999 -9999 -9999 -9999 -9999 -9999 -9999 -9999 -9999 -9999 -9999 -9999 -9999 -9999 -9999 -386.19705 830.25116 1078.2836 -619.3441 -1000.0 -412.1274 575.28644 -458.3004 -9999 -1000.0 87.64242 285.35175 1067.0056 1686.5933 2000.5618 2417.743 3445.5176 3741.7432 3387.3433 3907.0134 3641.1875 4139.974 4891.3115 5123.48 3843.2039 3422.7876 2917.406 2455.681 1718.0443 1718.6843 1552.5956 2105.9658 3138.2195 4592.218 3770.4114 1557.4697 1306.7833 1016.8871 218.64102 -1000.0 -9999 -9999 -9999 -9999 -9999 -9999 -9999
-9999 -9999 -9999 -9999 -9999 -9999 -9999 -9999 -9999 -9999 -9999 -9999 -9999 -9999 -9999 -9999 -9999 -9999 -9999 -9999 -9999 -9999 -338.80765 175.61897 -394.00674 -954.76526 -9999 -9999 -9999 -9999 -1000.0 -212.23315 1207.6167 1454.4066 2385.9658 2914.5872 3691.3508 4364.17 4165.0 2897.6528 2612.7993 3981.555 4421.814 2717.2085 3016.736 4312.8906 3464.5657 3492.8865 2802.3577 2990.986 2979.3154 2962.7988 3491.7742 3443.9185 3682.9153 3063.7017 2405.366 1460.0618 1667.8328 1276.7417 211.8172 -902.6864 -9999 -9999 -9999 -9999 -9999 -9999 -9999
-9999 -9999 -9999 -9999 -9999 -9999 -9999 -9999 -9999 -9999 -9999 -9999 -9999 -9999 -9999 -9999 -9999 -9999 -9999 -9999 -9999 -9999 -9999 -9999 -9999 -9999 -9999 -9999 -1000.0 -999.61957 -338.79868 1245.8789 2322.9138 3207.495 3859.7288 3356.335 2817.8467 3008.2605 3488.1594 2564.7659 1582.0237 1559.271 2797.2778 2073.4155 1440.951 2585.6514 2513.845 2964.5776 3075.7244 3253.1096 2570.1929 3306.0713 3187.6787 3117.464 2668.0225 2291.4377 2537.53 2464.2744 1429.5591 975.6508 416.44022 -617.80725 -1000.0 -9999 -9999 -9999 -9999 -9999 -9999
-9999 -9999 -9999 -9999 -9999 -9999 -9999 -9999 -9999 -9999 -9999 -9999 -9999 -9999 -9999 -9999 -9999 -9999 -9999 -9999 -9999 -9999 -9999 -9999 -9999 -9999 -9999 -1000.0 -1000.0 -136.79637 1981.5532 1677.9298 1663.9906 1719.6235 3672.8464 3972.7761 2482.6372 1449.34 2174.9011 2078.517 1928.0112 929.8558 504.52853 1003.8491 705.0876 1596.9841 1978.9285 1861.7708 1503.8656 1691.8607 2253.3665 3683.0903 3046.9497 2334.2004 1884.5381 1880.6863 2174.586 1815.9048 1200.118 749.8109 517.259 -148.38892 -986.66614 -9999 -9999 -9999 -9999 -9999 -9999
-9999 -9999 -9999 -9999 -9999 -9999 -9999 -9999 -9999 -9999 -9999 -9999 -9999 -9999 -9999 -9999 -9999 -9999 -9999 -9999 -9999 -9999 -9999 -9999 -9999 -9999 -9999 -997.8677 238.24352 322.65582 1745.5979 1695.3414 1320.4862 801.9005 1246.504 2468.6545 2230.0474 1564.7488 969.0549 1063.3431 1027.0703 1452.7543 364.67978 -10.601657 128.585 149.04192 258.73627 210.67416 329.6889 784.5896 1111.3195 2042.3177 2140.5366 2293.9172 2057.971 1372.1592 1260.1871 1409.6987 1026.775 718.9246 599.9257 395.91913 -306.0159 -973.416 -9999 -9999 -9999 -9999 -9999
-9999 -9999 -9999 -9999 -9999 -9999 -9999 -9999 -9999 -9999 -9999 -9999 -9999 -9999 -9999 -9999 -9999 -9999 -9999 -9999 -9999 -9999 -9999 -9999 -9999 -9999 -9999 -1000.0 106.367455 527.19525 12.121629 196.18758 796.4263 593.69617 246.24771 148.0994 1037.5059 1206.0446 707.0975 1122.7374 158.24522 323.92136 -19.771687 -1000.0 -671.99426 -199.03946 10.601057 226.68094 323.01312 457.2491 1517.4597 3619.8638 2884.7832 3584.5278 2999.5417 3123.0369 2368.5264 1885.515 1711.8925 1573.0859 939.7699 556.33417 555.7355 -911.781 -1000.0 -1000.0 -9999 -9999 -9999
-9999 -9999 -9999 -9999 -9999 -9999 -9999 -9999 -9999 -9999 -9999 -9999 -9999 -9999 -9999 -9999 -9999 -9999 -9999 -9999 -9999 -9999 -9999 -9999 -9999 -9999 -9999 -9999 -1000.0 -466.525 -682.8136 -1000.0 -792.06665 -63.26577 575.1541 -396.80716 -980.35657 -385.51007 -210.49054 -152.88374 -865.8888 -1000.0 -1000.0 -865.7906 348.8255 729.66925 1320.2863 1556.7218 1327.934 1328.6038 1454.5386 3256.3472 4798.5527 4535.102 5219.5903 4649.9604 3812.1455 3476.458 2583.1086 1982.359 1231.088 756.4696 1263.1598 44.98943 -999.4709 -1000.0 -1000.0 -1000.0 -1000.0
-9999 -9999 -9999 -9999 -9999 -9999 -9999 -9999 -9999 -9999 -9999 -9999 -9999 -9999 -9999 -9999 -9999 -9999 -9999 -9999 -9999 -9999 -9999 -9999 -9999 -9999 -9999 -9999 -1000.0 -905.0536 -457.9822 -1000.0 -1000.0 -1000.0 -720.5233 -775.4739 -1000.0 -1000.0 -9999 -9999 -9999 -1000.0 -795.4848 529.47723 1078.6688 1884.4476 3237.074 4230.075 2715.0 1928.547 1535.0992 1429.1713 4055.7283 6208.4673 5499.827 4685.3374 4388.8384 3460.4873 2201.0933 1509.9741 1150.2164 1020.16144 1081.2601 727.55707 -345.5223 -929.23486 -1000.0 -1000.0 -1000.0
-9999 -9999 -9999 -9999 -9999 -9999 -9999 -9999 -9999 -9999 -9999 -9999 -9999 -9999 -9999 -9999 -9999 -9999 -9999 -9999 -9999 -9999 -9999 -9999 -9999 -9999 -9999 -9999 -1000.0 -1000.0 -1000.0 -1000.0 -9999 -9999 -9999 -9999 -9999 -9999 -9999 -9999 -9999 -999.925 113.04657 1499.7599 2714.4392 3732.5874 2562.454 4340.9287 3511.9883 3670.6262 2502.964 2122.1145 1755.4763 2941.7659 4537.001 4363.713 3266.7297 2468.7832 1723.332 1217.5067 942.3126 672.9037 460.64548 163.36609 239.87045 818.72125 855.6746 525.5606 137.18265
-9999 -9999 -9999 -9999 -9999 -9999 -9999 -9999 -9999 -9999 -9999 -9999 -9999 -9999 -9999 -9999 -9999 -9999 -9999 -9999 -9999 -9999 -9999 -9999 -9999 -9999 -9999 -9999 -9999 -9999 -9999 -9999 -1000.0 -936.70044 -298.74612 -776.584 -9999 -9999 -9999 -9999 -9999 -1000.0 -606.11487 891.9578 2458.1228 3686.892 4691.958 2716.1284 3089.7375 4046.967 3801.2544 2860.229 3151.1104 2730.0967 4142.224 4725.305 4554.9194 3802.7717 2697.2817 1609.0723 821.4328 450.7641 443.69455 640.41595 1230.3435 2196.0388 2745.8555 2407.7974 1753.3712
-9999 -9999 -9999 -9999 -9999 -9999 -9999 -9999 -9999 -9999 -9999 -9999 -9999 -9999 -9999 -9999 -9999 -9999 -9999 -9999 -9999 -9999 -9999 -9999 -9999 -9999 -9999 -9999 -9999 -9999 -9999 -1000.0 -867.54645 688.83057 1572.253 -477.66534 -9999 -9999 -9999 -9999 -9999 -9999 -1000.0 -835.08246 1072.3289 2432.702 2389.8506 1458.6704 1116.5599 1149.2466 1287.6719 2076.733 3088.0403 4341.408 4619.537 4247.682 3762.1067 3179.8186 2403.3572 1705.9595 711.3847 382.63474 523.0271 1381.7432 2790.591 2498.3525 2225.5635 2065.2644 1988.0035
-9999 -9999 -9999 -9999 -9999 -9999 -9999 -9999 -9999 -9999 -9999 -9999 -9999 -9999 -9999 -9999 -9999 -9999 -9999 -9999 -9999 -9999 -9999 -9999 -9999 -9999 -9999 -9999 -9999 -9999 -1000.0 -402.41034 1289.0352 1887.3878 1059.7297 -846.1823 -9999 -9999 -9999 -9999 -9999 -9999 -1000.0 -1000.0 -5.1632857 -50.09686 1198.5726 196.24745 633.26337 180.67294 909.5022 1225.3429 3625.597 3843.6028 4298.329 4548.6885 4438.58 3974.3066 3513.2043 2219.0762 1105.3804 393.141 296.9267 506.13193 1463.2684 1396.643 621.6066 373.12244 383.83142
